d_t=0.041728166254555304 с
d_V=0.013 В
15
15
24
28
30
31
31
31
31
31
31
31
35
39
39
39
48
48
48
48
56
56
56
60
63
63
63
63
63
63
63
63
63
63
67
71
71
71
71
79
79
79
79
79
79
88
88
92
92
95
95
96
96
96
96
96
96
97
99
99
103
103
103
112
112
112
112
112
112
112
120
120
120
120
124
124
126
127
128
127
128
127
128
127
128
127
128
129
131
135
135
135
135
143
143
143
143
143
143
143
143
143
152
152
156
156
158
159
159
159
159
159
159
159
159
159
159
159
159
159
159
161
163
163
163
167
167
167
167
167
175
176
176
176
176
176
176
176
176
177
179
179
184
184
184
184
184
184
188
188
188
188
190
190
191
191
192
192
192
192
192
193
193
195
195
195
195
198
197
199
199
199
199
199
199
199
199
199
199
199
199
199
200
201
201
204
204
204
206
206
206
206
206
207
207
207
207
207
207
207
207
207
207
192
0