989
997
997
950
1042
1030
1017
1048
1017
1012
965
911
964
973
999
978
1027
1027
974
1003
936
1058
960
952
1003
984
1020
1005
1031
1060
1046
997
998
965
1083
1040
1031
925
1016
1020
982
962
1003
1023
950
975
952
996
999
998
1011
1028
993
955
1052
1003
1063
977
969
987
1041
1030
998
1002
992
1051
998
969
975
964
1052
1007
984
935
973
992
1011
1029
932
1010
1011
948
916
961
949
1027
955
963
950
967
1016
1063
953
964
993
956
1024
1020
986
988
999
951
1004
972
1052
1105
1028
991
1106
1035
1047
1015
1036
1008
977
1022
1031
977
972
963
1015
1039
1021
1008
1027
954
928
1006
1009
1001
1013
1007
996
964
1011
1068
975
1031
1025
946
921
959
985
996
940
1065
1047
970
974
1000
956
947
983
1002
1011
997
1000
1010
1048
965
980
1029
1080
1083
1366
1449
1825
1993
2302
2477
2781
2918
3052
3113
3197
3264
3397
3403
3404
3396
3414
3407
3469
3407
3429
3542
3539
3500
3382
3554
3486
3513
3450
3545
3576
3540
3537
3526
3548
3551
3592
3541
3624
3615
3615
3535
3532
3534
3531
3532
3563
3614
3455
3534
3619
3527
3504
3584
3527
3539
3608
3463
3603
3506
3536
3517
3604
3553
3505
3539
3487
3553
3495
3521
3436
3620
3608
3570
3552
3620
3654
3584
3484
3591
3608
3613
3576
3532
3556
3491
3578
3512
3564
3575
3477
3544
3599
3620
3533
3547
3623
3537
3578
3582
3588
3586
3592
3579
3656
3594
3507
3563
3563
3729
3541
3552
3597
3572
3532
3524
3624
3552
3657
3507
3665
3608
3524
3580
3534
3575
3559
3628
3514
3598
3552
3602
3540
3529
3597
3505
3472
3457
3487
3568
3558
3498
3519
3588
3634
3629
3612
3551
3451
3547
3531
3624
3555
3604
3659
3601
3465
3551
3553
3555
3546
3431
3468
3474
3394
3448
3345
3303
3246
3135
2865
2816
2473
2323
1953
1746
1415
1326
1129
1068
998
976
1017
997
1008
959
1006
988
967
960
1036
1002
1028
1049
936
1013
1040
956
991
1017
957
964
1038
1050
1022
941
976
1027
958
1003
949
968
936
1027
967
934
952
994
1055
976
960
959
990
1061
1051
1008
976
991
1016
992
963
996
962
916
945
1017
1023
978
1061
1039
1059
989
960
940
957
1041
979
984
979
948
1002
940
1043
956
1088
1014
999
1002
955
968
1001
1007
1070
982
996
972
996
958
971
1066
971
983
926
957
970
956
976
968
989
968
970
987
987
1084
979
977
992
896
998
928
970
963
943
1017
1036
1020
1005
907
1016
1053
991
948
1019
1028
989
908
1004
1070
1026
973
979
990
995
1037
974
938
961
1044
990
1027
1048
1009
1082
976
981
1043
1020
1046
1011
989
1063
993
942
991
1023
994
971
1033
971
986
969
1035
987
1060
1037
968
1055
1007
952
972
1002
982
968
1028
982
965
1006
995
1009
951
950
965
1034
1008
955
1029
989
995
1035
948
1036
969
1031
993
967
1025
929
985
1017
971
1022
1039
967
1007
1016
980
993
974
985
925
974
964
944
991
988
964
1025
930
1008
1010
1018
982
1063
987
1020
1025
1008
1024
1011
1029
992
969
1008
1044
1002
1004
981
1057
994
995
1083
982
1017
994
999
1000
990
1056
1050
1024
1012
983
982
995
950
1018