991
1000
962
1032
985
1024
1007
1004
968
1018
992
1030
986
1001
936
989
1012
1040
1075
969
978
971
990
958
963
974
978
984
1006
1056
1050
966
928
985
995
1084
1016
990
1056
944
985
973
917
944
937
1008
970
1005
928
1068
872
1000
995
999
1026
1001
968
1055
1003
1084
1056
1043
1103
1129
1031
1168
1199
1128
1309
1221
1376
1280
1439
1550
1541
1575
1620
1626
1716
1811
1928
1936
2026
2125
2115
2103
2254
2360
2303
2463
2619
2872
2975
2947
2912
2914
3170
3144
3262
3407
3414
3340
3329
3541
3468
3539
3512
3520
3537
3504
3444
3479
3513
3549
3568
3493
3564
3468
3588
3527
3595
3452
3523
3526
3531
3512
3659
3559
3544
3561
3492
3537
3577
3562
3532
3513
3456
3501
3586
3481
3548
3563
3560
3560
3506
3483
3611
3505
3560
3499
3519
3515
3589
3552
3622
3600
3574
3641
3487
3599
3594
3548
3580
3563
3552
3564
3567
3521
3523
3561
3502
3533
3568
3602
3632
3523
3460
3513
3556
3485
3569
3534
3571
3528
3567
3548
3574
3585
3577
3611
3461
3532
3619
3531
3558
3561
3504
3520
3526
3654
3565
3553
3524
3516
3492
3544
3489
3619
3616
3601
3517
3520
3527
3561
3455
3564
3565
3552
3510
3605
3473
3548
3496
3486
3374
3422
3504
3264
3197
3200
3001
2924
2740
2617
2435
2381
2147
1991
1823
1698
1592
1364
1259
1246
1145
1158
1035
1058
972
1035
1022
992
971
1013
985
1008
1033
984
967
1009
1022
998
957
980
1043
1045
965
988
993
977
961
977
972
976
981
1059
1002
990
917
985
929
1030
1013
946
955
968
975
980
988
1019
976
969
999
1045
1001
1016
943
1012
986
1015
951
1048
973
1001
935
942
1053
920
1010
1023
968
1005
1006
977
1047
1020
997
992
981
1011
1062
1091
1031
998
961
998
1039
988
985
953
969
943
984
1018
923
977
965
1010
924
1002
982
1053
977
970
1007
1001
1023
997
959
929
957
933
948
991
956
1015
1020
989
996
993
1058
910
1002
949
1020
1027
987
1000
978
975
969
1038
991
994
1038
1000
976
1047
989
1043
1029
982
1004
1059
974
982
979
972
1068
997
1024
987
1007
929
1075
993
1004
940
1029
1077
1011
1042
1013
1051
967
996
1049
1017
900
986
931
944
1026
1025
1050
995
1003
996
984
1021
1009
1015
961
1014
995
1038
997
1072
1010
966
1034
972
995
998
984
1008
1050
991
1026
1039
937
1001
1033
989
961
1061
1010
956
948
998
936
967
1048
1002
957
968
1064
1007
996
969
1062
1000
1006
968
972
1048
1035
966
947
920
1051
1010
1008
1027
1008
1008
1039
987
967
951
988
1016
975
903
1019
975
954
1043
950
998
899
927
952
954
907
1027
1003
1020
963
1012