1324
1276
1331
1318
1278
1330
1361
1459
1337
1414
1300
1305
1359
1350
1294
1411
1472
1413
1318
1291
1371
1508
1361
1467
1399
1346
1328
1374
1353
1408
1305
1374
1340
1390
1331
1538
1481
1441
1365
1469
1285
1421
1400
1356
1343
1391
1491
1502
1509
1552
1486
1481
1398
1388
1417
1449
1408
1493
1481
1548
1472
1527
1481
1515
1561
1501
1468
1558
1569
1441
1504
1531
1518
1678
1583
1696
1648
1617
1529
1583
1598
1614
1567
1639
1549
1536
1676
1640
1602
1730
1671
1673
1549
1598
1586
1655
1681
1688
1593
1577
1705
1658
1618
1568
1553
1594
1769
1638
1625
1599
1671
1665
1750
1512
1554
1626
1678
1837
1735
1623
1648
1700
1749
1670
1691
1688
1698
1751
1660
1669
1707
1701
1680
1624
1679
1736
1572
1681
1719
1673
1663
1711
1766
1754
1604
1748
1659
1537
1668
1755
1648
1731
1680
1673
1735
1668
1537
1749
1608
1686
1652
1679
1707
1627
1628
1628
1572
1693
1664
1628
1569
1519
1631
1552
1610
1632
1689
1649
1495
1559
1656
1625
1507
1585
1643
1486
1634
1629
1512
1617
1622
1526
1655
1609
1516
1543
1588
1523
1578
1612
1549
1599
1608
1612
1575
1558
1578
1552
1504
1529
1572
1440
1496
1523
1535
1528
1567
1536
1488
1575
1459
1395
1500
1400
1456
1543
1490
1492
1446
1436
1499
1387
1459
1417
1396
1418
1344
1487
1403
1333
1411
1435
1364
1368
1331
1284
1386
1317
1300
1375
1331
1308
1231
1308
1324
1335
1360
1199
1329
1297
1383
1364
1356
1289
1392
1276
1308
1241
1343
1279
1309
1262
1285
1320
1340
1312
1319
1294
1299
1199
1237
1253
1300
1264
1315
1319
1251
1240
1266
1251
1242
1285
1210
1303
1281
1234
1297
1171
1236
1194
1179
1172
1180
1157
1196
1165
1211
1196
1223
1244
1250
1164
1239
1071
1162
1120
1154
1184
1280
1154
1222
1191
1229
1170
1081
1157
1189
1097
1086
1033
1120
1104
1192
1185
1160
1164
1176
1063
1155
1190
1145
1095
1193
1145
1124
1094
1118
1131
1162
1082
1110
1063
1058
1068
1105
1078
1086
979
1078
1086
1087
1095
1107
1065
1118
1131
979
1046
1059
1092
1049
1008
1042
1098
1051
1076
1151
1041
1061
1081
1005
1044
1133
1014
1046
1058
1056
1075
1078
1053
975
1010
1016
1030
1023
1014
1049
963
1070
1077
1099
988
1050
1051
1050
1034
1074
1057
1063
1047
1044
1036
1072
1055
1027
1118
1068
1036
1054
976
1041
1054
1064
966
1065
968
1009
989
993
1040
924
1007
948
1036
964
1108
998
1043
968
1062
1080
999
1014
981
999
956
961
938
984
1040