943
1012
991
979
1051
980
1017
1039
984
1004
1006
1015
976
1022
1040
990
1022
990
966
1074
1006
1065
1052
980
984
1065
1024
1016
1037
1005
984
1100
991
1150
1111
1070
1075
1094
1125
1203
1112
1226
1238
1165
1309
1251
1323
1328
1283
1432
1389
1495
1466
1430
1505
1598
1598
1575
1602
1583
1676
1680
1682
1752
1784
1785
1812
1799
1866
1940
1958
1996
2040
2173
2150
2060
2051
2151
2377
2382
2164
2531
2415
2401
2435
2448
2606
2580
2660
2819
2876
2950
2917
2900
2953
3022
3122
3223
3201
3256
3321
3295
3332
3263
3228
3366
3440
3428
3443
3492
3316
3429
3494
3452
3494
3527
3484
3453
3435
3524
3559
3468
3499
3490
3482
3430
3563
3557
3462
3597
3591
3396
3564
3523
3472
3556
3609
3614
3576
3647
3601
3580
3563
3520
3601
3536
3503
3491
3558
3440
3571
3520
3565
3556
3529
3488
3486
3546
3489
3478
3580
3559
3498
3492
3613
3456
3538
3555
3492
3533
3574
3560
3504
3576
3468
3460
3545
3481
3485
3480
3491
3527
3460
3412
3352
3417
3504
3368
3419
3449
3470
3395
3394
3424
3324
3353
3420
3385
3194
3251
3198
3205
3134
3030
3190
3092
3019
3022
2859
2944
2818
2744
2661
2612
2599
2643
2515
2486
2361
2160
2336
2176
2036
2150
2022
2016
1872
1929
1858
1846
1724
1760
1562
1600
1623
1428
1527
1351
1358
1303
1315
1287
1257
1131
1309
1105
1156
1063
948
1030
1056
1016
915
1021
1012
1029
930
1039
987
1045
1007
1018
1050
923
1016
1030
1027
1072
1032
1048
1026
1002
1031
996
963
998
1027
1004
984
1010
982
959
922
976
975
911
964
1002
1019
984
964
1012
1008
981
948
996
962
1014
1007
1039
951
988
1078
1072
942
1018
1018
944
984
952
892
986
992
958
964
976
967
993
913
999
993
968
985
976
968
998
1003
1029
1013
1025
981
993
995
1027
1026
976
993
976
988
1032
1041
960
986
931
980
1018
990
1007
1009
973
949
966
992
979
930
1026
976
995
1025
980
924
1007
953
953
1052
984
1050
1064
979
1018
1007
908
993
975
964
1002
1000
1038
1009
1096
973
931
1020
947
1004
984
1021
982
952
931
940
979
1019
986
967
1027
1027
1040
984
1002
1012
1006
976
1060
963
1041
1071
994
1024
1022
1034
969
943
1058
1005
987
914
1005
1014
1034
1031
1041
960
940
1036
1041
1031
1001
968
1007
1016
1031
1004
956
902
988
1023
1039
1034
1004
1065
989
1027
1006
995
956
967
933
1039
1051