986
1046
1109
1059
1166
1063
1073
1038
990
1104
1041
1052
1041
1018
1117
999
989
1100
1104
1040
1069
1064
1161
1102
1150
1205
1164
1216
1166
1171
1184
1152
1157
1232
1200
1280
1234
1194
1234
1274
1309
1283
1307
1355
1312
1363
1317
1400
1378
1331
1490
1417
1367
1394
1411
1571
1515
1441
1521
1638
1612
1746
1457
1667
1628
1616
1780
1785
1544
1819
1844
1950
1891
1858
1895
1971
2071
1988
2160
2362
2153
2252
2225
2285
2332
2290
2340
2520
2435
2606
2372
2584
2647
2638
2782
2906
2851
2670
2870
2799
2924
3092
3079
3049
3060
3099
3215
3150
3212
3126
3254
3230
3308
3296
3332
3363
3397
3350
3431
3406
3427
3359
3469
3400
3431
3519
3486
3390
3508
3453
3448
3409
3504
3556
3598
3632
3506
3597
3531
3496
3509
3562
3504
3390
3507
3510
3432
3510
3492
3535
3480
3502
3378
3474
3452
3612
3565
3490
3458
3396
3443
3492
3478
3438
3516
3368
3262
3377
3390
3356
3384
3329
3334
3365
3387
3197
3303
3332
3361
3259
3204
3191
3193
3135
3142
3052
3192
3007
3113
3103
3076
3109
3175
2946
2958
2972
2920
2780
2788
2806
2750
2759
2717
2786
2608
2603
2698
2591
2460
2391
2532
2300
2197
2419
2208
2160
2260
2265
2052
2138
2035
2069
1978
1910
1734
1830
1866
1804
1849
1775
1756
1673
1701
1636
1644
1777
1718
1546
1579
1651
1549
1472
1472
1388
1472
1450
1479
1508
1280
1301
1368
1269
1373
1292
1349
1257
1216
1223
1201
1146
1206
1179
1193
1309
1257
1070
1171
1107
1185
1158
1177
1201
1105
1103
1094
1215
1163
1112
1059
1068
1060
1144
1097
1086
1044
972
1050
1020
1036
1023
1060
1030
1026
1055
1080
1048
1082
968
1089
1043
1087
1061
1004
1005
1022
1080
1042
961
992
1068
1082
1093
1013
1033
1015
937
1052
1004
1011
963
1022
998
1044
938
1031
985
1008
930
1031
1021
982
1032
1010
1064
994
1100
1036
1021
1058
1002
1022
1043
989
977
1038
1059
1008
956
1009
954
1055
1038
982
926
1017
1012
963
961
939
1041
969
1000
981
950
972
927
956
952
1010
1008
989
997
950
998
1006
961
1040
1038
939
1046
952
949
973
921
939
1023
997
988
943
948
962
1038
988
1008
993
988
1000
933
1018
988
972
937
1008
945
1013
997
1056
996
925
1019
952
974
969
1038
908
1026
1005
962
960
1030
1022
991
968
975
1000
1072
1047
1051
992
915
977
1013
959
951
971
993
1007
1027
1020
1055
1006
907
952
1040
975
956
985
992
1022
989