1161
1237
1239
1240
1168
1225
1117
1063
1175
1184
1180
1194
1130
1116
1127
1288
1229
1084
1235
1159
1148
1193
1278
1280
1143
1294
1216
1197
1258
1260
1374
1308
1394
1190
1279
1264
1357
1388
1443
1471
1409
1506
1439
1367
1416
1419
1596
1486
1465
1550
1452
1495
1653
1641
1710
1708
1576
1727
1677
1729
1665
1859
1797
1846
1767
1796
1812
1913
1953
2051
2037
1987
2063
2213
2278
2238
2182
2295
2256
2258
2395
2436
2434
2309
2385
2410
2484
2317
2484
2539
2504
2695
2582
2706
2582
2582
2639
2828
2720
2766
2832
2902
2770
2820
3004
3012
2983
3018
2973
3000
3222
3224
3111
3108
3181
3302
3140
3160
3215
3215
3192
3260
3318
3375
3277
3196
3312
3298
3333
3424
3320
3288
3364
3270
3329
3299
3250
3272
3393
3308
3283
3449
3248
3359
3372
3305
3251
3281
3308
3267
3301
3278
3311
3268
3165
3260
3107
3159
3193
3213
3120
3149
3199
2993
3188
3152
3049
3133
3068
3044
3019
3005
2940
3047
2988
2749
2891
2598
2824
2729
2758
2675
2771
2764
2512
2547
2648
2544
2439
2585
2719
2646
2407
2524
2468
2548
2335
2420
2357
2403
2313
2375
2240
2152
2288
2164
2297
2155
2127
2028
2132
2040
2072
1817
2025
1914
1902
1784
1887
1956
1682
1813
1910
1799
1698
1743
1736
1792
1708
1690
1763
1602
1622
1625
1585
1714
1546
1487
1516
1454
1436
1476
1392
1441
1396
1388
1426
1312
1414
1380
1330
1321
1352
1397
1325
1267
1301
1317
1213
1395
1229
1227
1215
1285
1309
1265
1276
1193
1177
1251
1300
1208
1173
1180
1011
1137
1139
1108
1237
1127
1132
1125
1144
1083
1083
1080
1145
1061
1091
1087
1089
1135
1135
1092
1085
1101
1086
1116
1016
1107
1095
1137
1018
1048
1049
1083
1068
1131
1097
1084
1023
1086
995
1106
1068
1097
1053
1020
1019
1028
1046
1065
1010
1039
1016
1051
981
1043
1030
1019
1086
994
1098
1010
1040
960
1011
975
991
1031
1013
994
990
979
999
985
998
995
1024
999
1027
1047
993
982
1002
968
994
977
957
955
948
1061
1040
983
1071
1047
1023
993
939
957
1009
1079
1046
979
1032
1031
996
984
968
947
1019
981
989
971
1013
974
995
968
1017
1058
952
1028
972
929
982
996
948
994
943
985
950
1055
992
1072
916
987
984
1012
1016
987
993
1037
985
983
948
1007
993
930
974
896
961
941
1040
913
990
953
936
949
965
1018
1010
963
956
1051
998
943
1041
965
1016
972
992
949
976
1039
979
1007
1015
1041
1051
978