1293
1310
1141
1293
1329
1332
1327
1256
1367
1388
1330
1344
1324
1411
1247
1250
1311
1312
1355
1412
1304
1339
1289
1284
1287
1436
1362
1324
1302
1346
1476
1465
1314
1356
1441
1364
1432
1408
1466
1556
1531
1541
1379
1510
1525
1511
1689
1531
1685
1656
1442
1602
1795
1752
1597
1574
1657
1654
1721
1720
1702
1894
1735
1825
1745
1978
1932
1854
1948
1891
2049
2009
2063
2137
2115
2100
2168
1924
2141
2153
2175
2241
2087
2240
2318
2337
2360
2272
2293
2276
2417
2431
2453
2472
2358
2419
2441
2464
2451
2526
2535
2676
2772
2704
2428
2541
2534
2564
2760
2598
2753
2808
2648
2844
2915
2908
2827
2880
2848
2998
2854
3030
2930
3038
2955
2935
2909
2928
2969
3004
3118
3008
2967
2985
3061
2985
2988
2996
2998
2926
3023
2912
2826
2912
2972
2962
3087
2931
2734
2912
2831
2712
2779
2724
2768
2831
2912
2687
2939
2704
2682
2663
2843
2693
2559
2581
2628
2602
2734
2609
2551
2616
2545
2589
2408
2432
2237
2452
2493
2375
2483
2496
2428
2261
2281
2277
2301
2355
2345
2251
2250
2203
2233
2161
2147
2130
2223
1934
2115
2004
1865
2150
2005
1936
1905
1924
1928
1973
1855
1864
1892
1740
1740
1780
1895
1885
1852
1871
1765
1766
1795
1791
1703
1720
1692
1652
1702
1712
1643
1445
1570
1553
1546
1538
1585
1593
1630
1426
1629
1422
1533
1483
1552
1472
1533
1463
1405
1430
1383
1446
1405
1336
1306
1383
1363
1503
1284
1312
1330
1444
1307
1248
1283
1254
1275
1252
1257
1250
1188
1242
1225
1143
1123
1179
1244
1221
1212
1205
1200
1130
1124
1144
1120
1229
1143
1182
1256
1128
1128
1097
1226
1207
1116
1130
1083
1061
1129
1126
1083
1046
1081
1132
1126
1084
1153
1046
1118
1116
1133
1108
1062
1007
1048
1044
1046
1150
1053
1106
1068
1060
997
1049
1026
1046
1002
1048
1096
1072
1044
1047
1104
1030
995
1007
933
1012
970
1079
1012
1034
1081
1051
995
1046
1019
1088
1011
1107
1004
994
969
1064
999
991
1008
1035
1016
1001
946
1011
982
1050
944
960
960
1015
980
996
1008
984
956
923
943
972
994
1001
965
960
996
1040
992
1010
1041
1038
1011
980
1024
961
1013
964
982
981
979
1072
966
1087
981
1003
1071
1011
1040
1025
986
983
954
950
1021
1002
996
933
985
973
916
1052
982
929
985
1012
1022
982
939
956
983
917
929
966
1027
1004
1047
936
947
1074
1010
1002
918
926
989
965
984
968
1020
972
1067
1039
1058
929
919
954
1008
987