1253
1225
1365
1241
1266
1308
1359
1275
1151
1259
1226
1284
1205
1382
1284
1319
1304
1400
1300
1325
1289
1420
1315
1435
1397
1355
1294
1397
1371
1379
1387
1429
1468
1461
1427
1473
1449
1498
1507
1406
1502
1555
1677
1551
1489
1620
1766
1609
1577
1608
1475
1596
1560
1586
1824
1672
1735
1744
1711
1828
1799
1718
1959
1773
1752
1654
1854
1833
1736
1786
1779
1886
1848
1966
1763
1944
1936
1925
1960
2061
1963
1967
2072
1938
2235
2196
2077
2143
2023
2104
2233
2104
2136
2381
2240
2222
2349
2289
2395
2427
2454
2207
2220
2444
2460
2532
2526
2579
2405
2359
2467
2423
2612
2552
2283
2425
2391
2520
2526
2511
2599
2561
2634
2618
2740
2545
2600
2494
2432
2487
2642
2558
2645
2640
2441
2447
2639
2524
2654
2563
2467
2627
2416
2496
2657
2481
2325
2501
2545
2507
2408
2400
2542
2397
2393
2491
2333
2420
2431
2455
2353
2440
2328
2513
2340
2423
2232
2383
2264
2200
2183
2079
2088
2090
2224
2137
2319
2218
2250
2158
2051
1944
2076
2120
2162
2102
2114
2174
1961
2084
2124
1935
2072
2008
1978
2059
1944
2010
2062
1912
1908
1930
1967
1969
1962
1848
1969
1771
1814
1700
1690
1791
1748
1696
1705
1725
1691
1659
1497
1688
1627
1550
1617
1648
1633
1632
1556
1720
1600
1606
1723
1436
1541
1625
1444
1384
1515
1472
1471
1400
1355
1469
1540
1443
1391
1404
1491
1423
1382
1314
1471
1388
1366
1393
1406
1353
1343
1326
1283
1415
1400
1285
1266
1334
1300
1362
1268
1258
1279
1295
1250
1335
1248
1224
1216
1222
1276
1225
1257
1211
1227
1200
1269
1244
1188
1240
1199
1201
1184
1203
1150
1157
1112
1166
1184
1248
1229
1183
1068
1075
1117
1093
1214
1120
1110
1080
1134
1114
1215
1174
1179
1086
1140
1155
1084
1080
1129
1094
1128
1128
1036
1077
1053
1073
1055
1039
1149
1062
1093
1175
1024
1120
1093
1048
1081
1045
1075
1060
1056
992
989
1025
1014
1060
968
968
1080
1158
1006
1056
1026
1143
1021
1062
1084
1044
1142
1117
1043
1091
1036
1070
994
978
974
1024
1012
1002
1005
964
980
1058
1015
1054
1028
953
999
995
943
999
1004
992
991
930
966
1048
1008
981
956
1030
986
991
939
1016
1032
967
939
1023
966
963
1024
1030
936
1009
1057
942
1022
1008
1024
974
1021
1043
944
993
1001
929
968
1008
1022
997
1024
951
1037
1048
952
1000
1021
1053
946
1023
1014
961
1029
943
1038
992
1007
993
933
1013
1029
969
966
1012
975
1082
982
1059
995
1021