1400
1422
1293
1287
1337
1399
1349
1267
1331
1357
1272
1329
1387
1416
1455
1346
1508
1337
1432
1462
1350
1538
1407
1344
1427
1382
1452
1492
1460
1456
1483
1511
1450
1465
1543
1564
1540
1456
1725
1708
1590
1599
1532
1600
1537
1617
1641
1633
1612
1765
1635
1752
1659
1747
1638
1849
1534
1658
1640
1676
1665
1813
1803
1744
1709
1734
1668
1828
1872
1990
1812
1983
1996
1872
1960
2065
1890
1966
1894
2089
1926
1976
1915
1822
1975
2084
1964
1920
2104
2119
1996
1957
2044
2086
1959
2143
2102
1988
2141
2215
2285
2168
2130
2086
2176
2034
2111
2120
2144
2206
2241
2285
2204
2164
2283
2204
2226
2175
2240
2220
2141
2291
2301
2116
2202
2303
2238
2257
2344
2264
2248
2080
2220
2185
2216
2149
2259
2075
2254
2201
2168
2260
2261
2252
2222
2388
2319
2240
2218
2204
2180
2255
2135
2060
2181
2194
2148
2167
2157
2126
2205
2184
2205
2103
1999
2003
2116
2069
2022
2207
1984
1976
2004
2175
1922
1942
1963
2002
1955
1835
2019
1874
1887
1799
1809
1831
1889
1873
1959
1932
1961
1843
1860
1868
1753
1695
1840
1932
1783
1764
1825
1852
1676
1768
1830
1728
1701
1722
1647
1697
1643
1661
1694
1713
1694
1605
1593
1653
1680
1616
1520
1539
1493
1625
1518
1515
1600
1539
1604
1464
1511
1425
1484
1570
1598
1533
1567
1428
1415
1376
1444
1450
1436
1462
1488
1440
1379
1394
1429
1424
1397
1405
1436
1309
1378
1320
1308
1383
1348
1275
1405
1379
1466
1321
1359
1265
1373
1323
1229
1251
1315
1369
1209
1304
1265
1291
1315
1284
1272
1188
1264
1241
1223
1232
1267
1163
1258
1175
1187
1221
1149
1179
1237
1198
1154
1115
1274
1272
1184
1196
1169
1255
1105
1081
1200
1147
1155
1102
1147
1016
1099
1161
1134
1087
1125
1065
1141
1160
1169
1060
1162
1075
1069
1069
1140
1017
1208
1083
1081
1152
1133
1105
1063
1059
1057
1148
1219
1021
1073
1063
1113
1136
1030
1048
1001
1008
1101
1016
1041
1110
1048
1053
923
1082
1081
972
1097
979
1054
1025
1059
1037
1131
1072
1066
967
1011
1033
1086
982
999
1020
1012
996
965
1028
1052
1058
1014
1043
961
1003
964
1018
1003
1027
993
964
1017
965
975
1040
999
1043
963
980
1000
983
1041
961
966
968
1017
946
1023
1009
1009
995
1004
1032
1023
951
952
977
993
934
982
953
1036
972
962
997
1034
1042
992
938
998
1041
953
961
1001
908
918
1060
1014
1094
947
976
988
982
947
986
948
969
957
1013
912
942
1041
953