1393
1325
1370
1461
1324
1387
1367
1356
1329
1249
1280
1276
1248
1252
1343
1382
1307
1271
1256
1339
1314
1391
1371
1361
1385
1280
1439
1414
1416
1548
1558
1355
1516
1437
1450
1423
1382
1469
1437
1340
1420
1330
1506
1433
1416
1427
1456
1494
1571
1378
1561
1528
1577
1639
1616
1663
1647
1743
1652
1660
1704
1665
1688
1736
1785
1724
1669
1655
1686
1752
1549
1634
1807
1739
1704
1664
1753
1995
1895
1789
1792
1752
1948
1836
1765
1799
1783
1839
1863
1755
1869
1877
1930
1988
1966
1956
1840
1810
1921
2010
1925
1995
1880
1931
1828
2006
1952
2028
2011
1900
2031
2018
1965
1859
1996
1911
2094
1999
2147
2060
2123
1982
1916
2055
2087
2023
1947
2096
2127
1969
2108
1962
1931
2055
1969
2031
2073
2057
2016
1934
1852
1999
1926
1859
1998
2044
2087
1970
1873
1932
2022
1935
1892
2049
1912
2078
2043
1929
1963
1808
1821
1855
1932
1943
2062
1928
1998
1881
1926
1878
1932
1778
1859
1919
1843
1854
1966
1896
1754
1668
1830
1750
1680
1749
1852
1711
1878
1623
1714
1836
1818
1705
1712
1792
1629
1766
1620
1728
1596
1727
1599
1673
1699
1574
1742
1653
1686
1603
1564
1771
1606
1634
1728
1653
1584
1524
1574
1519
1619
1665
1479
1620
1546
1516
1504
1536
1416
1556
1587
1461
1495
1555
1530
1486
1528
1510
1483
1390
1446
1463
1472
1459
1337
1399
1382
1385
1417
1398
1370
1378
1384
1348
1523
1356
1466
1385
1370
1366
1314
1348
1422
1355
1379
1200
1256
1268
1417
1349
1424
1267
1284
1245
1250
1270
1363
1264
1316
1313
1284
1218
1252
1344
1310
1236
1247
1278
1220
1303
1235
1291
1228
1201
1135
1239
1168
1213
1200
1146
1145
1202
1089
1144
1187
1246
1213
1206
1208
1221
1155
1124
1131
1108
1151
1100
1210
1184
1144
1089
1152
1149
1201
1162
1063
1038
1057
1065
1187
1133
1156
1209
1137
1174
1137
1068
1120
1120
1201
1148
1134
1058
1038
1063
1101
1127
1046
1171
1079
1072
1097
1172
1113
1079
1032
1044
1007
1025
1080
1050
1068
1068
1056
1096
1079
1048
1011
982
942
1067
1055
1057
1029
982
1052
1039
1009
1087
1006
1033
1051
956
1036
1006
1008
1009
1019
1006
1065
1014
1011
1016
1032
1030
1020
1004
1081
1015
981
954
991
968
1002
1042
954
976
931
1053
1033
960
964
986
975
961
975
1033
949
942
1017
1049
1016
981
977
986
963
1017
999
1011
1016
967
913
1016
961
1075
1020
1030
1030
975
1100
971
970
1019
1023
940
1007
966
969
1016
964
1020
916
966