1302
1340
1305
1428
1287
1256
1321
1298
1337
1335
1268
1254
1364
1332
1262
1324
1296
1297
1232
1442
1304
1357
1288
1390
1399
1327
1317
1451
1209
1277
1261
1322
1387
1431
1384
1462
1429
1456
1342
1380
1410
1445
1634
1436
1354
1417
1448
1548
1436
1468
1532
1485
1491
1442
1468
1500
1447
1511
1371
1573
1520
1546
1604
1633
1485
1677
1671
1594
1616
1682
1624
1607
1547
1672
1710
1630
1663
1640
1712
1827
1597
1631
1663
1940
1671
1630
1767
1766
1706
1671
1753
1733
1741
1611
1807
1735
1747
1740
1748
1663
1859
1905
1712
1774
1672
1731
1648
1729
1809
1854
1779
1742
1865
1698
1866
1696
1867
1829
1763
1742
1748
1783
1716
1775
1911
1767
1870
1791
1857
1830
1830
1746
1762
1718
1799
1828
1767
1855
1855
1774
1972
1887
1929
1818
1664
1768
1778
1793
1863
1833
1835
1781
1710
1800
1878
1732
1755
1820
1808
1840
1805
1720
1732
1682
1777
1742
1896
1715
1673
1863
1748
1646
1772
1706
1662
1684
1793
1755
1659
1683
1713
1706
1679
1669
1519
1619
1648
1648
1643
1698
1574
1596
1698
1728
1745
1638
1716
1610
1533
1587
1539
1643
1583
1672
1626
1554
1603
1625
1560
1700
1584
1609
1618
1501
1459
1549
1453
1574
1592
1578
1556
1571
1459
1525
1513
1536
1457
1411
1555
1564
1471
1495
1462
1414
1483
1447
1563
1430
1428
1424
1394
1362
1477
1432
1484
1535
1470
1433
1381
1404
1357
1366
1351
1490
1372
1353
1314
1349
1310
1363
1342
1323
1217
1288
1366
1294
1272
1304
1324
1280
1295
1358
1253
1235
1289
1148
1230
1305
1316
1339
1328
1196
1272
1263
1316
1193
1223
1308
1223
1267
1216
1271
1177
1188
1204
1238
1188
1258
1165
1183
1200
1216
1144
1177
1183
1152
1194
1204
1136
1172
1107
1227
1153
1161
1188
1183
1185
1079
1188
1188
1078
1149
1164
1111
1095
1087
1072
1127
1178
1132
1151
1112
1175
1149
1163
1104
1049
1196
1063
1138
1149
1221
1152
1156
1081
1065
1103
1113
1092
987
1073
1025
1090
1062
1024
1048
1104
1039
1104
1102
1081
998
1095
1098
1077
1121
1066
1126
1033
1018
1021
1018
1028
1057
1087
1009
1127
1091
1018
1029
1069
1141
998
1075
1090
1106
1041
1021
1055
1039
975
1073
1022
1040
995
1043
1040
963
1048
1126
1010
988
1000
1022
1017
947
1051
1050
1034
1062
1044
1081
1087
1078
1036
1091
1062
1046
997
1019
1022
1017
1019
1103
1030
973
960
1036
991
1008
1014
1020
967
975
1069
969
1015
1057
1025
1034
997
937
960
935
1020
1007
1039
986
1003
1031